0 0.2871185541152954 2.2503534945466286
1 0.27686092257499695 1.7564213601095278
2 0.6239921003580093 1.4143693726044384
3 0.4335688576102257 1.5283644909855376
4 1.32683589681983 1.862548008956655
5 1.133033126592636 1.2259031549213912
6 0.6131539642810822 1.0821705718413153
7 0.44732239842414856 1.0239697077595207
8 0.6104228347539902 1.1293569032061377
9 0 0.9088292291671017
10 0.07866719365119934 0.965697522317038
11 0.15710433945059776 1.0386829645123457
12 0.3205394893884659 1.1025792614320775
13 0.1622645203024149 0.8947359218034636
14 0.23785750195384026 0.9854637848151271
15 0.4649556465446949 0.8185196175896241
16 0.41345285065472126 0.9767587808526637
17 0.5013753361999989 0.8570507648057074
18 0.3580517563968897 0.9660748181192045
19 0 0.8833692284056067
20 0.041927337646484375 0.880985243087082
21 0.08687863126397133 0.8852203204781618
22 0.13758312538266182 0.8289830381465734
23 0.1843544766306877 0.9806196337380113
24 0.2589564099907875 1.004322568816129
25 0.18153550662100315 0.8749496872744869
26 0.4453330524265766 0.952822271063553
27 0.5155111066997051 1.1707707032158887
28 0.3611974064260721 0.9394918900612665
29 0 0.9372905471421743
30 0.050252944231033325 0.9881756544095388
31 0.046566395089030266 0.9046833863264452
32 0.12302227690815926 0.7590222655126966
33 0.2547066770493984 1.172080566959005
34 0.17413202486932278 0.7407662904288993
35 0.24254139326512814 1.0502827276579285
36 0.23536339215934277 0.8688931587366628
37 0.3162305299192667 0.758588522763271
38 0.3559270575642586 0.8175604147704982
39 0 0.8460475554404107
40 0.16259676218032837 0.8775991282245654
41 0.1053592711687088 0.7269429772149592
42 0.07418009359389544 0.766692194645092
43 0.21265755966305733 0.7614507382091225
44 0.16974488459527493 0.8579249119905266
45 0.17543288320302963 0.8651137318425175
46 0.28805037774145603 0.9836117914728651
47 0.7525634281337261 0.8562057373405855
48 0.256942804902792 0.86031793431332
49 0 0.8744891092578371
50 0.05432266369462013 0.806996226262563
51 0.05375232361257076 0.7453396750722941
52 0.06353823468089104 0.7593829178860833
53 0.11928102560341358 0.7324947802735047
54 0.14960411749780178 0.8493842497790444
55 0.166480777785182 0.7231350050495227
56 0.29826110415160656 0.6877253031523024
57 0.455108355730772 0.9013884609812048
58 0.32471877709031105 0.817982652954799
59 0 0.8604900720461375
60 0.011420242488384247 0.7411648056579357
61 0.11912544257938862 0.7064048553389259
62 0.05773779843002558 0.7721317798949416
63 0.10116325691342354 0.708990320048596
64 0.1016304874792695 0.7109324798054096
65 0.11523335194215178 0.7142508816210348
66 0.1483178660273552 0.7804056509043122
67 0.2979640234261751 0.728038696415091
68 0.20094896759837866 0.7606352151706717
69 0 0.8784626548225469
70 0.024135999381542206 0.767083871023351
71 0.0415008720010519 0.7040900312017236
72 0.11932782642543316 0.7838245794050213
73 0.11136292293667793 0.7512488606953763
74 0.16830545105040073 0.8008634192047664
75 0.1913804691284895 0.8143381250622568
76 0.15787889249622822 0.749123699969098
77 0.14426208846271038 0.6972047160804364
78 0.2073458107188344 0.7042352542429173
79 0 0.7138328955723382
80 0.02195126935839653 0.7611489161137556
81 0.06327198632061481 0.7446318954140032
82 0.05141460243612528 0.7218544582769487
83 0.0602456396445632 0.7253917184154371
84 0.10036108363419771 0.6785471049407433
85 0.17724663019180298 0.7811277198095805
86 0.18701322004199028 0.7762887654334855
87 0.24178177677094936 0.7776913024516015
88 0.20276980195194483 0.7332498085629007
89 0 0.7060185262890427
90 0.024856049567461014 0.751473284827508
91 0.10912467166781425 1.1498726957470495
92 0.060730152763426304 0.7232443566609631
93 0.10219325870275497 0.6890065509967657
94 0.10662016831338406 0.7540289771409865
95 0.13870187755674124 0.7113500864708147
96 0.22412569914013147 0.7037648486236348
97 0.21510312147438526 0.8199567542134529
98 0.171405466273427 0.7149161877810414
99 0 0.7091932868954072
100 0.017411328852176666 0.724539878005158
101 0.026002337224781513 0.7254129064051856
102 0.11169785261154175 1.1236244517925964
103 0.08931074570864439 0.7666699349889754
104 0.2384991440922022 0.7741129744148919
105 0.12104817759245634 0.7293775141362587
106 0.1473371284082532 0.6557229111911127
107 0.1453127022832632 0.7112421298988023
108 0.20262798387557268 0.735791441952184
109 0 0.767868062156248
110 0.016876256093382835 0.7205990544917732
111 0.04450763575732708 0.7278689210205633
112 0.06800982169806957 0.7136479573611743
113 0.08229307271540165 0.6908673232346055
114 0.07277252618223429 0.826878370260678
115 0.1482094656676054 0.7555328332164143
116 0.20291750878095627 0.7077536978365699
117 0.24953760765492916 0.6285422322100772
118 0.18313978519290686 0.7179250598760497
119 0 0.6575379205217878
120 0.00891447439789772 0.7428342055974854
121 0.02931722067296505 0.6785688671146504
122 0.06993407569825649 0.76175948766916
123 0.0979786729440093 0.907652451281347
124 0.1191263822838664 0.6649243650115407
125 0.1584317134693265 0.6988502565670213
126 0.13570947293192148 0.6371467277438722
127 0.14312247280031443 0.6550514505509215
128 0.1426764577627182 0.7467122438727174
129 0 0.7009786999280754
130 0.10369836539030075 0.66664055007535
131 0.04946034587919712 0.6545507975581661
132 0.05812801048159599 0.7082718871809198
133 0.08663911838084459 0.682477318107288
134 0.11134790442883968 0.7280043560687491
135 0.15185850858688354 0.6364000072752509
136 0.1307948874309659 0.7306928181291877
137 0.31008668057620525 0.9561380632405302
138 0.13252917490899563 0.702578064272888
139 0 0.665885525875376
140 0.03202871233224869 0.6451595258600501
141 0.04111647605895996 0.7390523214976172
142 0.04901378136128187 0.684604820446119
143 0.057348668575286865 0.6641840102353128
144 0.07002007961273193 0.7275376330114885
145 0.17377914767712355 0.6545431862499904
146 0.13477356638759375 0.6685751267112626
147 0.1665707416832447 0.652824793237817
148 0.14100627601146698 0.7302266211752293
149 0 0.731686618291509
150 0.008612770587205887 0.7012790003545657
151 0.031191016547381878 0.6635187385893851
152 0.0342658469453454 0.6900877588891333
153 0.06421857886016369 0.7581866673307934
154 0.059627885930240154 0.6469217542104013
155 0.09928787685930729 0.6900665955767292
156 0.14917924162000418 0.6674881844281354
157 0.21396271418780088 0.6592005908564859
158 0.14982416480779648 0.7022008911502484
159 0 0.7143599871438017
160 0.009927094914019108 0.6738158282749566
161 0.03654574230313301 0.6952067136647971
162 0.04790092073380947 0.8248009102562934
163 0.08704973571002483 0.6764402971783814
164 0.08036839310079813 0.6731002708278178
165 0.10180302569642663 0.6863631101860946
166 0.09672883059829473 0.7220710866668348
167 0.17958557792007923 0.6782672512616967
168 0.1537977261468768 0.6607052049075871
169 0 0.6997188245745245
170 0.018944816663861275 0.7739286113185786
171 0.040526675060391426 0.6823536459072778
172 0.04873867519199848 0.7379060104916135
173 0.05471351929008961 0.6670217637249907
174 0.08909662812948227 0.7063124706879108
175 0.09179161954671144 0.686109416277676
176 0.08834300097078085 0.6762636981951555
177 0.12193622253835201 0.6960161656540901
178 0.1835036245174706 0.666660506056525
179 0 0.7980390315382643
180 0.008177775889635086 0.6751881710256424
181 0.0359062347561121 0.6786234959801971
182 0.06305514927953482 0.6633548895190079
183 0.04173185583204031 0.6635942416514417
184 0.0737887192517519 0.7163524724477942
185 0.08363811112940311 0.7380179343960197
186 0.10672038793563843 0.7036058229373799
187 0.13651835266500711 0.6993257296769488
188 0.20467575546354055 0.7546800995389266
189 0 0.645165019558324
190 0.011898900382220745 0.6667466825784312
191 0.017403047531843185 0.6737592452880261
192 0.039261093363165855 0.6412749635071876
193 0.09366053156554699 0.659796915845633
194 0.07437979336827993 0.6391737189940757
195 0.08160011749714613 0.6603581717995229
196 0.14662637654691935 0.6583122073523984
197 0.16661644633859396 0.6982837804700038
198 0.13560775900259614 0.6388712089017327
199 0 0.6744515683712076
